SPEAKER         id       #SENT      #WORD       Corr        Sub        Ins        Del        Err      S.Err
Female-1        raw         10         92         87          4          0          1          5          3
Female-1        sys         10         92      94.57       4.35       0.00       1.09       5.43      30.00
Female-2        raw         10        111        111          0          0          0          0          0
Female-2        sys         10        111     100.00       0.00       0.00       0.00       0.00       0.00
Female-3        raw         10        108        105          3          1          0          4          2
Female-3        sys         10        108      97.22       2.78       0.93       0.00       3.70      20.00
Female-4        raw         10         92         91          1          1          0          2          2
Female-4        sys         10         92      98.91       1.09       1.09       0.00       2.17      20.00
Female-5        raw         10         90         87          3          1          0          4          3
Female-5        sys         10         90      96.67       3.33       1.11       0.00       4.44      30.00
Female-6        raw         10         88         88          0          0          0          0          0
Female-6        sys         10         88     100.00       0.00       0.00       0.00       0.00       0.00
Female-7        raw         27        339        335          3          1          1          5          4
Female-7        sys         27        339      98.82       0.88       0.29       0.29       1.47      14.81
Male-1          raw         10        130        107          6          4         17         27          6
Male-1          sys         10        130      82.31       4.62       3.08      13.08      20.77      60.00
Male-10         raw         10        114        112          2          0          0          2          1
Male-10         sys         10        114      98.25       1.75       0.00       0.00       1.75      10.00
Male-11         raw         10        114        110          4          0          0          4          2
Male-11         sys         10        114      96.49       3.51       0.00       0.00       3.51      20.00
Male-12         raw         10         88         85          1          0          2          3          1
Male-12         sys         10         88      96.59       1.14       0.00       2.27       3.41      10.00
Male-13         raw         10        105        102          3          0          0          3          2
Male-13         sys         10        105      97.14       2.86       0.00       0.00       2.86      20.00
Male-2          raw         10        109        109          0          0          0          0          0
Male-2          sys         10        109     100.00       0.00       0.00       0.00       0.00       0.00
Male-3          raw         10        108        104          2          0          2          4          2
Male-3          sys         10        108      96.30       1.85       0.00       1.85       3.70      20.00
Male-4          raw         10        103         88          9          8          6         23          6
Male-4          sys         10        103      85.44       8.74       7.77       5.83      22.33      60.00
Male-5          raw         10        110        108          1          2          1          4          3
Male-5          sys         10        110      98.18       0.91       1.82       0.91       3.64      30.00
Male-6          raw         10        127        124          3          1          0          4          2
Male-6          sys         10        127      97.64       2.36       0.79       0.00       3.15      20.00
Male-7          raw         10        127        127          0          0          0          0          0
Male-7          sys         10        127     100.00       0.00       0.00       0.00       0.00       0.00
Male-8          raw         10        102         97          4          2          1          7          4
Male-8          sys         10        102      95.10       3.92       1.96       0.98       6.86      40.00
Male-9          raw         10        101        101          0          0          0          0          0
Male-9          sys         10        101     100.00       0.00       0.00       0.00       0.00       0.00
SUM             raw        217       2358       2278         49         21         31        101         43
SUM             sys        217       2358      96.61       2.08       0.89       1.31       4.28      19.82
