SPEAKER         id       #SENT      #WORD       Corr        Sub        Ins        Del        Err      S.Err
Female-1        raw         10        105        102          2          0          1          3          2
Female-1        sys         10        105      97.14       1.90       0.00       0.95       2.86      20.00
Female-2        raw         10         90         83          3          0          4          7          4
Female-2        sys         10         90      92.22       3.33       0.00       4.44       7.78      40.00
Female-3        raw         10         86         86          0          0          0          0          0
Female-3        sys         10         86     100.00       0.00       0.00       0.00       0.00       0.00
Female-4        raw         10        105        105          0          0          0          0          0
Female-4        sys         10        105     100.00       0.00       0.00       0.00       0.00       0.00
Female-5        raw         10        104        103          1          0          0          1          1
Female-5        sys         10        104      99.04       0.96       0.00       0.00       0.96      10.00
Female-6        raw         10         98         98          0          0          0          0          0
Female-6        sys         10         98     100.00       0.00       0.00       0.00       0.00       0.00
Female-7        raw         27        337        336          1          1          0          2          2
Female-7        sys         27        337      99.70       0.30       0.30       0.00       0.59       7.41
Male-1          raw         10        119        114          4          0          1          5          3
Male-1          sys         10        119      95.80       3.36       0.00       0.84       4.20      30.00
Male-10         raw         10        105        105          0          0          0          0          0
Male-10         sys         10        105     100.00       0.00       0.00       0.00       0.00       0.00
Male-11         raw         10        107        106          1          0          0          1          1
Male-11         sys         10        107      99.07       0.93       0.00       0.00       0.93      10.00
Male-12         raw         10        106         96          5          0          5         10          5
Male-12         sys         10        106      90.57       4.72       0.00       4.72       9.43      50.00
Male-13         raw         10        114        114          0          0          0          0          0
Male-13         sys         10        114     100.00       0.00       0.00       0.00       0.00       0.00
Male-2          raw         10        106        106          0          0          0          0          0
Male-2          sys         10        106     100.00       0.00       0.00       0.00       0.00       0.00
Male-3          raw         10         99         96          2          0          1          3          2
Male-3          sys         10         99      96.97       2.02       0.00       1.01       3.03      20.00
Male-4          raw         10         96         87          6          0          3          9          5
Male-4          sys         10         96      90.62       6.25       0.00       3.12       9.38      50.00
Male-5          raw         10         96         96          0          0          0          0          0
Male-5          sys         10         96     100.00       0.00       0.00       0.00       0.00       0.00
Male-6          raw         10        109        108          1          0          0          1          1
Male-6          sys         10        109      99.08       0.92       0.00       0.00       0.92      10.00
Male-7          raw         10        112        106          5          0          1          6          4
Male-7          sys         10        112      94.64       4.46       0.00       0.89       5.36      40.00
Male-8          raw         10        110        110          0          0          0          0          0
Male-8          sys         10        110     100.00       0.00       0.00       0.00       0.00       0.00
Male-9          raw         10        111        109          1          0          1          2          2
Male-9          sys         10        111      98.20       0.90       0.00       0.90       1.80      20.00
SUM             raw        217       2315       2266         32          1         17         50         32
SUM             sys        217       2315      97.88       1.38       0.04       0.73       2.16      14.75
