SPEAKER         id       #SENT      #WORD       Corr        Sub        Ins        Del        Err      S.Err
Female-1        raw         10         92         89          2          0          1          3          2
Female-1        sys         10         92      96.74       2.17       0.00       1.09       3.26      20.00
Female-2        raw         10        111        110          1          1          0          2          2
Female-2        sys         10        111      99.10       0.90       0.90       0.00       1.80      20.00
Female-3        raw         10        108        106          2          0          0          2          2
Female-3        sys         10        108      98.15       1.85       0.00       0.00       1.85      20.00
Female-4        raw         10         92         92          0          2          0          2          2
Female-4        sys         10         92     100.00       0.00       2.17       0.00       2.17      20.00
Female-5        raw         10         90         89          1          1          0          2          1
Female-5        sys         10         90      98.89       1.11       1.11       0.00       2.22      10.00
Female-6        raw         10         88         86          2          0          0          2          1
Female-6        sys         10         88      97.73       2.27       0.00       0.00       2.27      10.00
Female-7        raw         27        339        334          3          1          2          6          5
Female-7        sys         27        339      98.53       0.88       0.29       0.59       1.77      18.52
Male-1          raw         10        130        107          4          4         19         27          5
Male-1          sys         10        130      82.31       3.08       3.08      14.62      20.77      50.00
Male-10         raw         10        114        112          1          0          1          2          1
Male-10         sys         10        114      98.25       0.88       0.00       0.88       1.75      10.00
Male-11         raw         10        114        113          1          0          0          1          1
Male-11         sys         10        114      99.12       0.88       0.00       0.00       0.88      10.00
Male-12         raw         10         88         85          2          1          1          4          2
Male-12         sys         10         88      96.59       2.27       1.14       1.14       4.55      20.00
Male-13         raw         10        105        102          3          0          0          3          3
Male-13         sys         10        105      97.14       2.86       0.00       0.00       2.86      30.00
Male-2          raw         10        109        109          0          0          0          0          0
Male-2          sys         10        109     100.00       0.00       0.00       0.00       0.00       0.00
Male-3          raw         10        108        103          3          0          2          5          2
Male-3          sys         10        108      95.37       2.78       0.00       1.85       4.63      20.00
Male-4          raw         10        103         84         12          8          7         27          7
Male-4          sys         10        103      81.55      11.65       7.77       6.80      26.21      70.00
Male-5          raw         10        110        105          3          0          2          5          3
Male-5          sys         10        110      95.45       2.73       0.00       1.82       4.55      30.00
Male-6          raw         10        127        124          2          1          1          4          2
Male-6          sys         10        127      97.64       1.57       0.79       0.79       3.15      20.00
Male-7          raw         10        127        127          0          0          0          0          0
Male-7          sys         10        127     100.00       0.00       0.00       0.00       0.00       0.00
Male-8          raw         10        102         97          4          1          1          6          4
Male-8          sys         10        102      95.10       3.92       0.98       0.98       5.88      40.00
Male-9          raw         10        101        101          0          0          0          0          0
Male-9          sys         10        101     100.00       0.00       0.00       0.00       0.00       0.00
SUM             raw        217       2358       2275         46         20         37        103         45
SUM             sys        217       2358      96.48       1.95       0.85       1.57       4.37      20.74
